NETHER_STAR:0 6.668069329892563
GOLDEN_APPLE:0 9.117556398443254
RAW_FISH:3 6.500756662531028
RAW_FISH:2 9.439137088055967
COOKED_FISH:0 9.052743463116508
COOKED_FISH:1 6.323666457586825
GHAST_TEAR:0 7.99194628174029
POISONOUS_POTATO:0 3.877093908223246
SAPLING:0 3.8092968408213013
SAPLING:1 3.9805823563013587
SAPLING:2 7.967100389924225
SAPLING:3 4.615731196676897
SAPLING:4 9.299900626550519
SAPLING:5 0.07452274146646953
ENDER_PEARL:0 2.1881194203338405
BAKED_POTATO:0 7.282734230340237
BROWN_MUSHROOM:0 2.7183670064608467
COOKED_CHICKEN:0 7.427342925511285
RED_MUSHROOM:0 6.491429726472209
FEATHER:0 7.01827027354776
COOKED_BEEF:0 9.192710958691952
CACTUS:0 7.039206396944011
GRILLED_PORK:0 7.815704359669247
SUGAR_CANE:0 9.472043747677812
BLAZE_ROD:0 7.026195094864289
NETHER_STALK:0 7.755306727701601
APPLE:0 2.373895589377315
PUMPKIN:0 9.465140512564068
STRING:0 9.659263635024917
SPIDER_EYE:0 3.1601105024563014
BONE:0 2.59800713173866
POTATO_ITEM:0 0.5182303274866329
WHEAT:0 7.507174292660663
LEATHER:0 5.053146357774276
EGG:0 2.8496839596552626
ROTTEN_FLESH:0 3.876681804615101
CARROT_ITEM:0 0.49361383202984
SULPHUR:0 8.188696744268125
MELON:0 1.698376671850465
WOOL:0 9.225951652413016
WOOL:1 6.878385326077964
WOOL:3 8.210437789804502
WOOL:2 6.458344438836612
WOOL:4 5.817352633748674
WOOL:5 1.4441740226635624
WOOL:6 2.471292350672154
WOOL:8 4.0985895267584755
WOOL:7 6.850277810989754
WOOL:9 6.035029633427018
WOOL:10 1.094378530251059
WOOL:11 6.823252347458883
WOOL:12 4.3238946470574735
WOOL:13 2.0355774638634783
WOOL:14 6.54079975328373
WOOL:15 0.12649183098964567
COBBLESTONE:0 0.21412433776495
